image: auto_saved_map_1650473738464.pgm
resolution: 0.010000
origin: [-15.240000, -20.680000, 0.000000]
negate: 0
occupied_thresh: 0.65
free_thresh: 0.196

